0 0.379270 0.511722 0.043898 0.058528
0 0.273926 0.461583 0.035117 0.037056
0 0.324844 0.444611 0.039062 0.043694
0 0.368406 0.440125 0.024359 0.029250
0 0.402422 0.449292 0.035328 0.034333
0 0.463434 0.452437 0.034461 0.032736
0 0.517641 0.433292 0.042797 0.033556
0 0.990824 0.642319 0.018023 0.057972
0 0.438078 0.582187 0.048578 0.062819
0 0.623305 0.679708 0.078016 0.101861
0 0.292566 0.503799 0.040148 0.049764
0 0.552844 0.472118 0.052297 0.055625
0 0.262273 0.898542 0.121719 0.191667
0 0.778332 0.642958 0.087617 0.117111
0 0.842543 0.615944 0.072773 0.069472
0 0.616543 0.497646 0.051570 0.059653
0 0.285625 0.625569 0.053938 0.103528
0 0.736105 0.518403 0.052773 0.050639
0 0.700043 0.537701 0.057023 0.058625
0 0.476270 0.632667 0.059898 0.081889
0 0.174664 0.377431 0.063203 0.067111
0 0.227227 0.406687 0.019531 0.021847
0 0.255977 0.399861 0.018219 0.016778
0 0.265410 0.413319 0.022164 0.016389
0 0.298113 0.405132 0.026117 0.021069
0 0.340688 0.418000 0.027875 0.026528
0 0.269469 0.435757 0.033797 0.023792
0 0.235457 0.442194 0.032477 0.034333
0 0.661605 0.467826 0.045867 0.040958
0 0.327680 0.539361 0.041203 0.063167
0 0.230273 0.467333 0.033828 0.037833
0 0.543535 0.583701 0.055961 0.080764
0 0.461457 0.521667 0.051570 0.061250
