0 0.330504 0.547431 0.043242 0.060361
0 0.610254 0.474090 0.050336 0.051625
0 0.447281 0.573403 0.053781 0.065833
0 0.979398 0.580125 0.041125 0.071694
0 0.936516 0.692208 0.085641 0.076556
0 0.282738 0.782111 0.078508 0.169556
0 0.663152 0.476292 0.043758 0.030861
0 0.897512 0.962799 0.161383 0.074403
0 0.676762 0.961840 0.109258 0.076319
0 0.546387 0.583896 0.070227 0.096375
0 0.498984 0.484986 0.045906 0.038472
0 0.535707 0.436174 0.037055 0.028264
0 0.471363 0.427431 0.042133 0.045167
0 0.447348 0.467500 0.036727 0.039056
0 0.391445 0.445201 0.032453 0.032931
0 0.341199 0.487757 0.039180 0.058569
0 0.286676 0.631222 0.046523 0.079194
0 0.274387 0.591618 0.041695 0.057736
0 0.596523 0.529813 0.038641 0.048931
0 0.236992 0.523833 0.035281 0.048889
0 0.242777 0.468188 0.032055 0.037431
0 0.202094 0.478479 0.032250 0.049903
0 0.262789 0.449146 0.038312 0.037764
0 0.314668 0.417444 0.029398 0.031694
0 0.263453 0.413736 0.024469 0.026972
0 0.237469 0.402264 0.024094 0.024278
0 0.190051 0.396368 0.018398 0.020569
0 0.211785 0.435215 0.028445 0.037431
0 0.376691 0.423194 0.024164 0.022222
0 0.811191 0.676153 0.085023 0.082917
0 0.682719 0.721694 0.086203 0.128083
0 0.522504 0.693181 0.066523 0.116250
0 0.676910 0.580743 0.062211 0.066819
0 0.929129 0.608486 0.083602 0.075306
0 0.397578 0.657521 0.069687 0.137236
