0 0.326355 0.416861 0.034852 0.035861
0 0.555813 0.467083 0.052750 0.057222
0 0.635223 0.557438 0.058961 0.051931
0 0.772852 0.652861 0.078312 0.090583
0 0.814422 0.519597 0.059906 0.057917
0 0.768801 0.568944 0.067367 0.067306
0 0.608117 0.889674 0.110719 0.182292
0 0.275813 0.707993 0.062688 0.101264
0 0.271941 0.832722 0.080508 0.161889
0 0.686523 0.742688 0.090188 0.116347
0 0.497332 0.481389 0.042758 0.038750
0 0.462691 0.949444 0.114289 0.095083
0 0.980680 0.718153 0.038641 0.065278
0 0.762918 0.409319 0.037430 0.050444
0 0.192254 0.396910 0.016695 0.019375
0 0.238621 0.409313 0.024617 0.023708
0 0.265375 0.407792 0.023266 0.023278
0 0.237902 0.533250 0.037211 0.050139
0 0.272027 0.489229 0.035664 0.044847
0 0.306738 0.468493 0.039070 0.040458
0 0.397367 0.449347 0.032813 0.033722
0 0.428090 0.434674 0.036227 0.038097
0 0.596020 0.461917 0.030742 0.037778
0 0.378465 0.617611 0.055867 0.098861
0 0.479020 0.608139 0.062461 0.093444
