0 0.913605 0.596111 0.082945 0.066389
0 0.293238 0.778486 0.072430 0.150000
0 0.737738 0.492535 0.051555 0.051847
0 0.748547 0.577972 0.070609 0.064361
0 0.544289 0.733528 0.073797 0.110306
0 0.301063 0.596229 0.042797 0.074347
0 0.897281 0.460250 0.070922 0.064389
0 0.508844 0.566375 0.054641 0.063167
0 0.328020 0.541375 0.038570 0.062972
0 0.292254 0.506646 0.039008 0.062097
0 0.251699 0.551090 0.041086 0.049458
0 0.322051 0.417250 0.041477 0.034167
0 0.333816 0.486021 0.042555 0.046042
0 0.733465 0.796722 0.112523 0.169222
0 0.391902 0.630486 0.086305 0.185806
0 0.431848 0.568771 0.028898 0.061819
0 0.431723 0.508139 0.046289 0.062917
0 0.371781 0.475375 0.036609 0.036583
0 0.919082 0.545667 0.067539 0.039056
0 0.398598 0.416875 0.038320 0.028667
0 0.260805 0.485382 0.037312 0.042125
0 0.261570 0.453778 0.034016 0.032778
0 0.289555 0.440125 0.038625 0.033556
0 0.259926 0.411174 0.027898 0.026986
0 0.211992 0.403535 0.020031 0.021792
0 0.196457 0.388208 0.021055 0.021583
