0 0.532813 0.585507 0.054625 0.068458
0 0.665465 0.968458 0.109336 0.063083
0 0.417773 0.434444 0.040078 0.036944
0 0.871977 0.931986 0.145109 0.136028
0 0.346367 0.424028 0.032734 0.027500
0 0.544996 0.504271 0.044727 0.045764
0 0.920125 0.651618 0.100234 0.102764
0 0.703902 0.503556 0.056852 0.056694
0 0.628617 0.510549 0.052250 0.047597
0 0.467348 0.438743 0.040352 0.050375
0 0.308668 0.521285 0.039961 0.057486
0 0.657918 0.699174 0.088586 0.113542
0 0.401004 0.677424 0.060992 0.114903
0 0.443539 0.502944 0.049437 0.066778
0 0.369398 0.587653 0.046719 0.076750
0 0.650879 0.566833 0.051320 0.051444
0 0.597602 0.826569 0.094047 0.139778
0 0.498109 0.628722 0.066484 0.102194
0 0.766156 0.642278 0.077375 0.085111
0 0.174578 0.399042 0.013938 0.015444
0 0.189004 0.393792 0.015242 0.016028
0 0.217527 0.407785 0.022133 0.022431
0 0.250477 0.445528 0.030328 0.025056
0 0.257363 0.478896 0.034586 0.044597
0 0.294332 0.417403 0.025898 0.027694
0 0.263672 0.414778 0.019016 0.025361
0 0.350395 0.403708 0.024914 0.016028
0 0.544328 0.463771 0.043234 0.031986
0 0.379398 0.478014 0.038625 0.034722
0 0.332000 0.484840 0.039062 0.039792
0 0.375121 0.519167 0.043680 0.050722
0 0.240094 0.920597 0.105406 0.158806
