0 0.263973 0.483139 0.036055 0.041972
0 0.229852 0.453340 0.038688 0.044292
0 0.240840 0.409771 0.030492 0.031181
0 0.266660 0.396653 0.017539 0.018944
0 0.210344 0.402771 0.020328 0.024764
0 0.225840 0.387764 0.023445 0.029139
0 0.486281 0.436417 0.034781 0.040639
0 0.445781 0.466889 0.039609 0.044694
0 0.372777 0.408653 0.028180 0.028444
0 0.309422 0.402563 0.029453 0.024375
0 0.700340 0.598917 0.066695 0.071306
0 0.267227 0.587076 0.047422 0.076542
0 0.715336 0.513646 0.055375 0.059792
0 0.456187 0.604014 0.051344 0.077194
0 0.774734 0.870417 0.118641 0.148306
0 0.576258 0.483083 0.050875 0.052889
0 0.877773 0.645674 0.082687 0.071264
0 0.246949 0.907264 0.098727 0.153556
0 0.521508 0.653722 0.071312 0.110250
0 0.850840 0.694007 0.089523 0.083181
0 0.340656 0.542938 0.051359 0.061986
0 0.284801 0.690958 0.060633 0.132806
0 0.409402 0.675194 0.059086 0.113833
0 0.362074 0.435403 0.032258 0.026083
0 0.313867 0.427014 0.029781 0.030417
0 0.681508 0.958681 0.132156 0.082639
0 0.420770 0.542722 0.054086 0.069972
0 0.495930 0.551750 0.052562 0.057333
0 0.595340 0.463951 0.035039 0.042431
0 0.236930 0.522639 0.036313 0.056889
