0 0.565293 0.478840 0.051898 0.052153
0 0.651930 0.437472 0.122391 0.089056
0 0.962680 0.617646 0.074641 0.097208
0 0.567648 0.522021 0.055547 0.044319
0 0.261359 0.945951 0.107828 0.108097
0 0.220012 0.393986 0.017711 0.026444
0 0.248562 0.403549 0.028625 0.027458
0 0.282777 0.403299 0.026211 0.020403
0 0.300910 0.422694 0.023383 0.022917
0 0.362617 0.413375 0.024938 0.022417
0 0.386992 0.430125 0.029469 0.027194
0 0.344555 0.431889 0.025078 0.026194
0 0.274844 0.488562 0.037266 0.041819
0 0.322027 0.477986 0.040383 0.041306
0 0.373602 0.510479 0.044063 0.047847
0 0.506977 0.426028 0.103094 0.082611
0 0.627500 0.864826 0.117578 0.164625
0 0.471234 0.971944 0.108438 0.056111
0 0.709703 0.551840 0.060687 0.062014
0 0.821996 0.559021 0.068773 0.055764
0 0.424316 0.566549 0.052336 0.080403
0 0.301055 0.650069 0.051656 0.093056
0 0.332496 0.536979 0.043039 0.062375
0 0.778430 0.655236 0.084578 0.071583
0 0.800590 0.506889 0.063258 0.047667
0 0.682031 0.497563 0.052500 0.052875
0 0.258871 0.546056 0.041852 0.098833
