0 0.286020 0.403562 0.026883 0.024764
0 0.175359 0.392632 0.020000 0.019236
0 0.200281 0.400646 0.026234 0.024764
0 0.241348 0.428910 0.036555 0.032931
0 0.254051 0.454854 0.029836 0.036431
0 0.383629 0.426368 0.019977 0.024431
0 0.364859 0.435188 0.035984 0.035514
0 0.431660 0.422340 0.028195 0.027958
0 0.517031 0.435688 0.043641 0.039042
0 0.834109 0.544576 0.084984 0.068292
0 0.974398 0.716979 0.051203 0.082514
0 0.342391 0.543333 0.039125 0.059722
0 0.250508 0.514861 0.046016 0.070000
0 0.289922 0.595278 0.079844 0.167500
0 0.722699 0.548438 0.064523 0.070153
0 0.595125 0.528715 0.048922 0.060597
0 0.839027 0.618604 0.091758 0.080875
0 0.499820 0.556868 0.065250 0.073042
0 0.532348 0.674667 0.070008 0.105194
0 0.491508 0.462472 0.038531 0.040222
0 0.626020 0.499549 0.052102 0.053181
0 0.447813 0.457743 0.046500 0.048264
0 0.440617 0.581764 0.052109 0.067083
0 0.353422 0.465382 0.048797 0.066292
0 0.326195 0.417083 0.025266 0.028611
