0 0.305027 0.401639 0.025789 0.020917
0 0.273426 0.408313 0.026070 0.021653
0 0.325070 0.420042 0.027063 0.026472
0 0.825617 0.553174 0.072453 0.071042
0 0.765852 0.602361 0.068687 0.075500
0 0.559059 0.775174 0.082117 0.124764
0 0.835090 0.689382 0.090305 0.084542
0 0.555629 0.460847 0.035242 0.038972
0 0.282715 0.652715 0.056102 0.099875
0 0.323359 0.515882 0.047531 0.090819
0 0.502848 0.649896 0.069930 0.107847
0 0.396699 0.429840 0.020930 0.020986
0 0.352063 0.438153 0.024984 0.019639
0 0.245195 0.468882 0.037844 0.045958
0 0.485109 0.458750 0.032281 0.029167
0 0.460703 0.470556 0.037031 0.036944
0 0.199754 0.395090 0.026633 0.024431
0 0.434145 0.948792 0.126039 0.102417
0 0.227457 0.936257 0.108117 0.127486
0 0.262523 0.545917 0.041734 0.060361
0 0.383645 0.484694 0.043102 0.046361
0 0.971258 0.721139 0.057484 0.086694
0 0.616062 0.501931 0.050344 0.045444
0 0.632559 0.478521 0.046727 0.044597
0 0.623297 0.451847 0.043609 0.032639
