0 0.184832 0.389625 0.018773 0.023611
0 0.212430 0.401764 0.027687 0.026972
0 0.248848 0.397715 0.025414 0.022931
0 0.408574 0.435451 0.028836 0.023931
0 0.375570 0.442528 0.032250 0.031361
0 0.264730 0.482104 0.041258 0.052681
0 0.453141 0.522292 0.044547 0.058917
0 0.346043 0.491271 0.041477 0.054625
0 0.258258 0.549208 0.038406 0.051889
0 0.815324 0.928243 0.152305 0.143514
0 0.430598 0.937993 0.140727 0.124014
0 0.482301 0.471875 0.040242 0.032083
0 0.479531 0.437438 0.034219 0.034847
0 0.528711 0.726479 0.068359 0.103097
0 0.718422 0.604090 0.064609 0.080347
0 0.850078 0.562396 0.061766 0.079153
0 0.785410 0.561993 0.099039 0.095264
0 0.276934 0.604681 0.046836 0.076667
0 0.456922 0.587201 0.055906 0.070347
0 0.591023 0.523118 0.037328 0.045514
0 0.386320 0.626479 0.060344 0.094069
0 0.575605 0.480167 0.052039 0.051056
0 0.613719 0.476444 0.036594 0.034639
0 0.306184 0.413299 0.020102 0.019597
0 0.172883 0.394000 0.016875 0.016167
