0 0.296312 0.464181 0.043781 0.047861
0 0.597551 0.642944 0.068820 0.085778
0 0.562223 0.487528 0.042805 0.037583
0 0.570281 0.447569 0.035500 0.032750
0 0.340887 0.411139 0.029273 0.020000
0 0.253414 0.405340 0.025344 0.027431
0 0.189234 0.395236 0.020578 0.021333
0 0.234066 0.399618 0.021180 0.022208
0 0.273965 0.839493 0.085648 0.135764
0 0.335000 0.427500 0.028281 0.034167
0 0.853082 0.942514 0.107055 0.108250
0 0.423809 0.421687 0.037070 0.034153
0 0.507133 0.464465 0.040359 0.037986
0 0.859492 0.706937 0.102891 0.100292
0 0.664805 0.519160 0.050391 0.050542
0 0.632543 0.560632 0.051805 0.052375
0 0.382117 0.624201 0.050766 0.077236
0 0.433746 0.899840 0.104867 0.200319
0 0.343504 0.490431 0.039883 0.045361
0 0.830715 0.612056 0.071617 0.062139
0 0.985582 0.636264 0.028383 0.087583
0 0.307414 0.529340 0.047016 0.072653
0 0.239656 0.521167 0.040266 0.063167
