0 0.348184 0.431160 0.034758 0.030597
0 0.437527 0.439174 0.033117 0.034403
0 0.508137 0.446215 0.114992 0.132264
0 0.664477 0.492875 0.042859 0.032000
0 0.424000 0.501069 0.051312 0.053333
0 0.367281 0.507924 0.044750 0.055958
0 0.454570 0.957514 0.118391 0.084972
0 0.653910 0.520861 0.048898 0.034500
0 0.774945 0.539514 0.053328 0.043194
0 0.217055 0.400736 0.031219 0.019361
0 0.560852 0.510090 0.048672 0.048569
0 0.289469 0.501903 0.037484 0.041806
0 0.745027 0.559569 0.055695 0.054778
0 0.396125 0.691528 0.059344 0.093444
0 0.240484 0.466326 0.041906 0.049708
0 0.502387 0.554028 0.049195 0.056472
0 0.267316 0.539250 0.040164 0.069194
0 0.620637 0.550562 0.052273 0.055542
0 0.866848 0.720812 0.096039 0.097514
0 0.733320 0.622083 0.068203 0.067778
0 0.222562 0.424653 0.032688 0.028472
0 0.206508 0.485729 0.033797 0.056736
